alpha_0;0.0;0.52298665;0.60542583;0.7819601;0.759096;0.8796367;0.7568613;0.7871149;0.72291195;0.79836047;0.77232885;0.88589734;0.84763825;0.85298747;0.8171554;0.8702305;0.75956184;0.7637585;0.8321292;0.8292193;0.8656678;0.78837407;0.86354434;1.000658;1.0448385;1.1450593;1.10445;1.142504;1.1160104;1.0902365;1.0444471;1.046548;0.87480235;0.9574216;1.0314277;1.0533483;0.94398654;0.87478495;0.9080026;1.024472;1.1036141;1.016564;0.91860676;0.9747893;0.8993938;0.850899;0.8849862;1.0176195;1.2031367;1.1615698;1.1480343;1.134895;1.1256506;1.0160986;1.0649924;0.9773042;1.2271194;1.1440587;0.91237056;0.978024;1.005833;1.0071653;1.0590032;1.0086818;0.97996557;0.9367889;0.9519103;0.9705864;0.8592711;1.0016783;0.8409031;0.9476954;0.96165;0.9263486;0.92135537;0.99625343;0.9843832;0.9771256;0.9783217
alpha_7;0.52298665;0.0;0.4505757;0.5595863;0.8558855;0.7768134;0.9301803;0.82464564;0.7932787;0.7649202;0.79522705;0.8393208;0.87753147;0.9278355;0.92566824;0.86654985;0.9354307;0.79982764;0.6934241;0.725737;0.7594924;0.81867325;1.0611815;1.0731149;1.0420656;1.0789096;1.0427227;1.1174212;0.98906463;0.958609;0.90500116;0.8382994;1.0351743;1.0610304;1.0898986;1.0222067;1.0066149;0.9295714;0.96308815;0.97895885;0.9783682;1.0034564;0.94119555;0.8575347;0.89810765;0.8114431;0.8407618;0.9014061;1.0110552;1.0401344;1.0112027;1.0306304;1.0174725;0.9369409;0.955266;0.9740048;0.9993802;0.9930533;0.74362767;0.6289861;0.6893296;0.76982075;0.88235205;0.8249202;1.0015328;0.8696242;0.8260425;0.82382816;0.8768166;0.7248813;0.7256161;0.84390837;1.1002854;1.0117115;0.96185094;0.80762094;0.87709713;0.72390187;0.73638403
alpha_14;0.60542583;0.4505757;0.0;0.2835477;0.40939045;0.6503475;0.7559263;0.803911;0.8053086;0.82821286;0.6010276;0.59596026;0.63078773;0.7784027;0.7397828;0.8667219;0.8628599;0.9017292;0.80620235;0.88854736;0.8957825;0.9292527;1.0578791;1.111544;1.0625788;1.0419211;0.99187255;1.1618403;1.1504245;0.9622285;0.92436206;0.9328225;1.1022102;1.055938;1.0217782;1.0644203;1.0562708;1.0234468;0.8926844;0.8708841;0.94360507;1.038296;1.0130093;1.0068554;0.87069476;0.77418613;0.839478;0.9951153;0.90238047;0.9946002;0.99669147;1.0618567;1.0575587;0.8444221;1.0284534;1.0776892;0.8946396;0.9605429;0.7877666;0.57622266;0.64810526;0.72137606;0.79738736;0.83193386;0.9324981;0.88866895;0.7232116;0.70141757;0.8221714;0.81188357;0.70913833;0.89755493;1.0382768;0.9413806;0.9677109;0.79482484;0.775746;0.73498785;0.6994251
alpha_21;0.7819601;0.5595863;0.2835477;0.0;0.36799902;0.4321956;0.76355076;0.75365746;0.83869845;0.8716826;0.6605485;0.53273785;0.48840517;0.6311827;0.66842794;0.7669616;0.90304387;0.9520805;0.8723638;0.8585383;0.8085048;0.8135725;0.8810945;0.85568845;0.8025029;0.87616235;0.94133365;1.0109044;0.96369445;0.9898525;0.970394;0.9305887;1.0808222;1.0007541;0.88035375;0.97851264;1.0519608;1.0902535;0.948784;0.8373389;0.83804184;0.98219746;1.0410639;1.0078968;0.923954;0.8659387;0.8822749;0.8629702;0.8885298;0.95521283;0.9805671;1.04573;1.0346646;0.89162725;1.0151165;1.0855098;0.8727527;0.943412;0.8511878;0.72540057;0.7750622;0.837419;0.8940455;0.89261717;0.8859251;0.8720227;0.70143855;0.710649;0.8725503;0.8885309;0.8077185;0.8914535;0.93812895;0.93994033;0.9663777;0.85100347;0.88306487;0.840352;0.83101904
alpha_28;0.759096;0.8558855;0.40939045;0.36799902;0.0;0.42860758;0.39410013;0.6905657;0.7418204;0.9785264;0.715859;0.70924026;0.4654233;0.56308234;0.43627977;0.7598868;0.72455764;1.0007489;1.0507673;1.104989;1.0961198;0.9821752;0.9158578;0.9575897;0.8954967;0.9236054;0.8993914;1.0509245;1.182118;1.0418215;1.0567199;1.1542337;1.0800633;1.091185;0.83772117;0.8929652;0.9478303;1.0874512;1.0129483;0.87206256;0.8979331;0.93963856;1.010441;1.2196317;1.0190558;0.96289;0.9625436;1.0925511;0.93772453;0.9814223;1.0043602;1.0763958;1.0886115;0.926526;1.0756745;1.1270379;0.93464935;1.0220976;0.92803097;0.83143365;0.8791773;0.8853584;0.846205;0.95354486;0.9157125;1.0133833;0.78410506;0.80957896;0.7982437;1.0262389;0.84827006;0.9705453;0.9127444;0.89508975;0.96416616;0.95043206;0.8648477;0.9715799;0.91252947
alpha_35;0.8796367;0.7768134;0.6503475;0.4321956;0.42860758;0.0;0.478285;0.48626328;0.6412864;0.8174232;0.80153704;0.76563704;0.64453936;0.5434506;0.57721025;0.59920615;0.6539027;0.8285726;0.92612267;0.8553181;0.85612255;0.8722489;0.82651794;0.8324063;0.723837;0.80744606;0.93666464;0.98990834;0.8456562;1.0180312;0.98654944;1.0256625;1.0699159;1.1260244;0.88666177;0.8293167;0.91987103;1.037572;1.0678344;0.92340153;0.8434707;0.8679828;0.94718564;1.0132195;1.007459;0.98659104;0.9309058;0.84128106;0.9167283;0.9646534;0.9761253;1.018108;1.0195581;0.9474082;0.9770801;1.0529119;0.91496533;0.97351396;0.8941007;0.8706833;0.89301306;0.946146;0.9044482;0.89627784;0.8897463;0.94534874;0.7647696;0.754895;0.9175045;0.95069146;0.8973496;0.8942367;0.9071768;0.927632;0.9315295;0.935588;0.9477283;0.92354155;0.91561055
alpha_42;0.7568613;0.9301803;0.7559263;0.76355076;0.39410013;0.478285;0.0;0.50156194;0.49183977;0.8009363;0.98606676;0.9911796;0.74134016;0.73188245;0.53018975;0.7816508;0.48478866;0.78012735;1.0965492;1.0133598;1.1149231;1.0220225;0.9024481;0.9565583;0.917244;0.89979666;0.8153589;0.92153496;1.0151454;0.9332185;0.98351216;1.0983362;1.0289452;1.2317114;0.98624814;0.79238504;0.75356436;0.9216504;1.0749744;1.0168741;0.9660601;0.8341522;0.8531064;1.2042768;1.0548947;1.0268782;0.985558;1.1432356;1.0348465;1.0406493;1.0354788;1.0822132;1.0965977;0.9774823;1.0554911;1.0840912;1.0700196;1.0882236;0.97117615;0.9350044;0.9599278;0.9656068;0.8429792;0.9677141;0.91979516;1.09169;0.8615153;0.87487507;0.87343204;1.0804812;0.9090595;0.97874194;0.94384354;0.9649987;0.953922;0.99011654;0.8935323;1.0319756;1.0232404
alpha_49;0.7871149;0.82464564;0.803911;0.75365746;0.6905657;0.48626328;0.50156194;0.0;0.38325602;0.58973765;0.77307165;0.81337476;0.8707402;0.5887964;0.631169;0.4348119;0.5384946;0.52124786;0.9537417;0.88551366;0.8890972;0.8032886;0.8119802;0.8849164;0.8037716;0.94954735;0.97759116;1.0159448;0.9470648;1.0633327;1.0574442;1.0902411;1.015725;1.1740868;1.072248;0.9532429;0.90480214;0.92217946;1.1516807;1.1148274;1.044621;0.9142471;0.9140312;0.8934429;1.066774;1.0836008;1.0562346;0.7850949;1.0080156;1.0043011;1.0176905;1.007465;0.99295396;1.0068644;0.9694138;0.94890165;1.0215133;1.0182868;0.83695453;0.98925126;0.97970486;0.98768085;0.9781878;0.90054077;0.9881309;1.010955;0.9799572;0.96689767;0.86388284;0.96206367;0.86485475;0.85363704;0.90783614;0.8972699;0.93176585;1.0004088;1.0534506;1.0248219;1.0009376
alpha_56;0.72291195;0.7932787;0.8053086;0.83869845;0.7418204;0.6412864;0.49183977;0.38325602;0.0;0.503634;0.5175971;0.88105667;0.8572719;0.74350905;0.595384;0.50612366;0.5246321;0.5270663;1.0385454;0.8012586;0.83273655;0.7132752;0.79334;0.85492706;0.8174746;0.86777073;0.9007905;0.87739956;0.89895874;0.95671034;0.93941474;0.9589968;0.9629813;1.2248042;1.2084725;0.9551746;0.7823789;0.7198021;1.0483466;1.1840982;1.1343962;0.89711094;0.78964204;0.8765732;1.0250219;1.0956957;1.034345;0.8352124;1.118331;1.1002254;1.1218134;1.1065404;1.0630711;0.9939399;1.038439;0.9468405;1.1755699;1.1442066;0.9561844;1.0472637;1.0783815;1.0459096;1.0192438;1.0379325;0.9369106;1.0628141;0.99677175;1.0416334;0.8871658;1.0785443;0.95981175;0.93984216;0.81096447;0.88237983;0.94620335;1.0424746;1.0781097;1.1140175;1.1097858
alpha_63;0.79836047;0.7649202;0.82821286;0.8716826;0.9785264;0.8174232;0.8009363;0.58973765;0.503634;0.0;0.63346124;0.6445615;0.93822193;0.8097743;0.94529355;0.6761423;0.6996936;0.4829384;0.97743297;0.7649721;0.792513;0.7822487;0.84386873;0.8991931;0.9031939;0.8797943;0.88779676;0.82310295;0.84582114;0.8985908;0.91363907;0.79237056;0.95665455;1.0766484;1.1898793;1.0247313;0.9189204;0.80420053;1.0034899;1.1317656;1.0867816;0.9831774;0.9063312;0.789606;0.9998308;1.0315204;1.0515168;0.7685541;1.0941949;1.0930696;1.0903863;1.0646747;1.0438164;0.9355894;0.99615717;0.9274806;1.0900474;1.0844953;0.8868027;0.95354587;0.9717037;0.9625212;0.9966243;0.99620074;1.0122446;1.0418234;0.99526435;0.99285406;0.9444735;0.99928343;0.9511553;0.93005645;1.0105377;0.9937434;1.0235974;1.0412042;1.1187835;1.0500016;1.0697018
alpha_70;0.77232885;0.79522705;0.6010276;0.6605485;0.715859;0.80153704;0.98606676;0.77307165;0.5175971;0.63346124;0.0;0.49471736;0.5889828;0.67435396;0.5615742;0.5882605;0.8456874;0.78630686;1.0525422;0.9107048;0.8342153;0.75227726;0.8483035;0.92519575;0.8944986;0.9613793;1.0136521;0.95152533;1.0537541;0.96023935;0.9446087;0.9301374;0.9567312;0.93775564;1.0995814;1.119027;1.0284352;0.89408886;0.8450896;0.97639483;1.0723952;1.0939935;0.9911295;0.8593992;0.94390595;0.9857793;1.0314715;0.79360294;1.0573695;1.0924726;1.1362228;1.1166826;1.0709475;0.90432703;1.0669328;0.9424266;1.1094064;1.140592;0.9827939;1.012057;1.0733529;0.9917314;1.0448344;1.0698048;0.97807676;1.0804704;0.98002774;1.0094119;0.82018983;1.1132282;0.93928856;0.9859107;0.7449918;0.79599786;0.98888063;1.052089;1.0801147;1.1409558;1.0902954
alpha_77;0.88589734;0.8393208;0.59596026;0.53273785;0.70924026;0.76563704;0.9911796;0.81337476;0.88105667;0.6445615;0.49471736;0.0;0.48371583;0.49491656;0.82552;0.6183287;0.9652855;0.76975995;1.0634145;0.9468057;0.8961491;0.8478749;0.8615523;0.83320427;0.8266285;0.89264864;0.9616899;0.86244434;0.91083026;0.955036;0.9902998;0.83142155;1.0383165;0.86053354;0.96886843;1.1008686;1.1683879;1.1041056;0.93010664;0.90601873;0.9602772;1.1166531;1.159331;0.92894596;0.97920936;0.98652124;1.0763677;0.78273684;0.9138207;0.9771671;1.0195141;1.0283394;1.0147969;0.8803384;1.0406704;1.026772;0.8867967;0.9676907;0.88911813;0.96744716;0.9839739;0.91340065;0.9827723;0.9605916;1.0501624;1.0509826;0.9257449;0.90853965;0.87662214;1.0396112;0.9106389;0.8773431;0.9120766;0.8993648;1.0243025;1.067478;1.1617035;1.08043;1.0461892
alpha_84;0.84763825;0.87753147;0.63078773;0.48840517;0.4654233;0.64453936;0.74134016;0.8707402;0.8572719;0.93822193;0.5889828;0.48371583;0.0;0.47970247;0.50829375;0.7510798;0.8665845;1.0002408;1.1198379;0.9981666;0.9288024;0.864385;0.75009704;0.73541725;0.73944306;0.84438753;0.9477408;0.90304077;0.881576;0.98212034;1.0284523;0.97365886;1.0306375;0.8657019;0.7513078;0.92522454;0.9945252;1.0615451;0.8595424;0.74534273;0.794729;0.96339643;0.99935;1.0891584;0.9425324;0.9286912;0.91706014;0.89976645;0.9729636;1.0531167;1.0753838;1.0821755;1.0658493;0.8494891;1.048442;1.0088747;1.0409758;1.140481;0.9495916;1.0792555;1.1600416;1.1629343;1.1296495;1.1010895;0.8197607;0.9991504;0.92355996;0.969134;0.9132375;1.0910094;1.0207849;1.1180649;0.8186359;0.855325;0.91174906;1.0007697;1.0024791;1.1309732;1.1256676
alpha_91;0.85298747;0.9278355;0.7784027;0.6311827;0.56308234;0.5434506;0.73188245;0.5887964;0.74350905;0.8097743;0.67435396;0.49491656;0.47970247;0.0;0.49638796;0.40798348;0.7460479;0.73469824;1.1096288;0.98922956;0.9251692;0.82176757;0.7685814;0.7472494;0.6547122;0.8083747;0.9066833;0.8712085;0.9049618;0.9899514;1.0432951;0.9900028;1.0800543;0.99695903;0.8641858;0.9240402;1.0178277;1.0752063;1.0566047;0.918695;0.8713774;0.9561013;1.062545;1.0081663;1.0820246;1.0834185;1.0910783;0.78856665;1.0311899;1.0582339;1.0739919;1.0532079;1.0323716;0.9524685;1.010735;0.9420858;1.0314347;1.101375;0.88862884;1.0812675;1.1380843;1.0925984;1.0416329;0.9934009;0.9921616;1.1009841;0.9883435;1.0224893;0.81104743;1.0840858;0.93349355;0.9244021;0.8116738;0.82508636;0.9430467;1.0593975;1.120907;1.1733809;1.1328655
alpha_98;0.8171554;0.92566824;0.7397828;0.66842794;0.43627977;0.57721025;0.53018975;0.631169;0.595384;0.94529355;0.5615742;0.82552;0.50829375;0.49638796;0.0;0.5027294;0.55155236;0.8476983;1.1194892;1.0316998;1.008326;0.8537766;0.8368125;0.8416042;0.7744534;0.8389625;0.82178676;0.9058372;1.0747757;0.9297322;0.9830712;1.0950879;1.1141642;1.1416144;0.9141179;0.8437172;0.86016595;0.98768544;0.9915759;0.9285318;0.92997134;0.92559975;0.9455842;1.1475735;1.0553923;1.0336671;1.0175537;0.9463797;1.1050713;1.1434561;1.1393574;1.1311451;1.0928301;0.8979697;1.0258882;0.9127078;1.1734403;1.2400255;1.0086051;1.0381149;1.2094707;1.1419406;1.0205024;1.0873301;0.8728602;1.0934395;0.9523955;1.0283531;0.73685366;1.211441;0.9781573;1.1200227;0.6541829;0.7587501;0.9075891;0.9567091;0.9019367;1.2346265;1.1803792
alpha_105;0.8702305;0.86654985;0.8667219;0.7669616;0.7598868;0.59920615;0.7816508;0.4348119;0.50612366;0.6761423;0.5882605;0.6183287;0.7510798;0.40798348;0.5027294;0.0;0.72620976;0.5476353;1.0459718;0.872182;0.8365947;0.7433349;0.8784787;0.840801;0.71642816;0.80351985;0.84422004;0.8123601;0.94037306;0.9017433;0.92741144;0.90662193;1.0929692;1.1450016;1.0439496;0.95761377;1.0083098;1.0270176;1.1756974;1.082291;0.992427;0.9975327;1.0356195;0.85633373;1.1210454;1.1435131;1.1402309;0.6143336;1.0343301;1.0520593;1.084458;1.0530564;0.9985681;0.959343;0.9834445;0.8772082;1.0374569;1.078249;0.8337295;0.99061465;1.0670487;0.98663324;0.95437276;0.9883112;1.0361649;1.1036611;0.95720744;1.024884;0.7903857;1.1040913;0.9614185;0.9055406;0.7835913;0.77223945;0.95518774;0.99456215;1.1090447;1.1321458;1.0804521
alpha_112;0.75956184;0.9354307;0.8628599;0.90304387;0.72455764;0.6539027;0.48478866;0.5384946;0.5246321;0.6996936;0.8456874;0.9652855;0.8665845;0.7460479;0.55155236;0.72620976;0.0;0.62921345;1.0097315;0.9453285;0.9970481;0.9293585;0.81843436;0.88608885;0.88453215;0.9226767;0.90329;0.96744287;0.96609044;0.98644936;0.993663;1.0890898;1.0029233;1.161062;1.0465221;0.8963469;0.76519763;0.8115027;0.98910666;1.0773456;1.056194;0.8974262;0.83582693;1.0808752;1.007261;1.0239528;0.9905546;1.0605425;1.1533535;1.1596138;1.1137062;1.0955815;1.0820426;0.94924676;0.99599284;0.90783906;1.1895634;1.1795502;1.0646154;1.0943455;1.1660217;1.1587614;1.0277165;1.0321347;0.8595828;1.0251244;1.0194333;1.0401669;0.9125118;1.143711;0.97967947;1.0551554;0.9057483;0.9572373;0.9639838;1.0456561;0.98356056;1.1574401;1.1691335
alpha_119;0.7637585;0.79982764;0.9017292;0.9520805;1.0007489;0.8285726;0.78012735;0.52124786;0.5270663;0.4829384;0.78630686;0.76975995;1.0002408;0.73469824;0.8476983;0.5476353;0.62921345;0.0;0.98143053;0.91814184;0.93114716;0.8572579;0.9169208;0.9129504;0.9376006;0.9793864;0.933263;0.9025869;0.9741676;0.9771333;0.99533653;0.95960724;0.96436715;1.0966189;1.1727561;1.0330379;0.9445377;0.87101066;1.0999326;1.2097491;1.1469152;1.0316867;0.98246217;0.8760405;1.0780891;1.1098113;1.138757;0.8516197;1.092421;1.0682995;1.0485317;1.0088658;0.98132956;1.0147448;0.95358413;0.9042449;1.0792359;1.041724;0.89406985;1.0151854;1.0224465;0.98019;1.0242565;0.94275695;1.0572481;1.0460261;1.0896593;1.0934491;0.9293757;0.9952289;0.9071669;0.88694453;0.99053454;0.9521895;1.0309383;1.072735;1.1562377;1.100518;1.0819353
Elu_0;0.8321292;0.6934241;0.80620235;0.8723638;1.0507673;0.92612267;1.0965492;0.9537417;1.0385454;0.97743297;1.0525422;1.0634145;1.1198379;1.1096288;1.1194892;1.0459718;1.0097315;0.98143053;0.0;0.5974821;0.76150507;0.9509218;1.25589;1.3120594;1.2525921;1.2176048;1.1541055;1.3184466;1.0885227;0.93746865;0.80992067;0.8778338;1.0107127;1.0736719;1.0895454;1.071468;1.017549;0.96987545;0.95893735;1.0299832;0.9894356;0.9025429;0.8644854;0.83596575;0.7472906;0.6834536;0.71193135;0.8916197;1.0523231;1.0575271;1.0228832;1.0559614;1.0592463;0.94496465;0.90660787;0.99512106;0.9229576;0.88507915;0.7924896;0.52340406;0.5724305;0.78358847;0.8779843;0.8060049;0.8779674;0.6579884;0.68148655;0.6385354;0.9339283;0.7743865;0.7631891;0.8598139;1.1363417;1.0553718;0.95960075;0.7208023;0.7077664;0.47883022;0.5428016
Elu_30;0.8292193;0.725737;0.88854736;0.8585383;1.104989;0.8553181;1.0133598;0.88551366;0.8012586;0.7649721;0.9107048;0.9468057;0.9981666;0.98922956;1.0316998;0.872182;0.9453285;0.91814184;0.5974821;0.0;0.48329073;0.5815921;0.8732382;0.9377003;0.8709961;0.82712245;0.8706387;0.8890545;0.78943646;0.7426225;0.6456967;0.5971345;1.0431998;1.1125959;1.1383584;1.030513;0.97600853;0.9130844;0.9518204;1.0440478;1.0000241;0.9104744;0.8740626;0.7896465;0.8510248;0.8421227;0.8379534;0.7373716;1.0527335;1.1276629;1.1382992;1.1261461;1.0673732;0.8431337;1.0138049;0.91502285;1.0613427;1.074141;0.8231261;0.80546814;0.85994864;0.9208271;0.9273443;0.94763595;0.84123814;0.9298694;0.7667724;0.78513384;0.9140189;0.9523477;0.93364644;0.9258479;0.9197277;0.95674163;0.9235037;0.87150323;0.93117094;0.8523572;0.8490055
Elu_60;0.8656678;0.7594924;0.8957825;0.8085048;1.0961198;0.85612255;1.1149231;0.8890972;0.83273655;0.792513;0.8342153;0.8961491;0.9288024;0.9251692;1.008326;0.8365947;0.9970481;0.93114716;0.76150507;0.48329073;0.0;0.4807518;0.6636174;0.73742414;0.72893995;0.77750504;0.91167295;0.85024;0.7053342;0.8884555;0.8233213;0.6730176;1.0401689;1.052842;1.0888062;1.012137;0.9902156;0.89869875;0.93596804;0.9887472;0.94814146;0.94387406;0.90192616;0.7902271;0.8962503;0.92385894;0.9021071;0.6893072;1.1146449;1.1772997;1.1632535;1.1155939;1.0386841;0.868062;0.9946372;0.8327858;1.1688309;1.1754984;0.85321605;0.9530334;1.00893;1.0651958;1.077557;1.0044816;0.8395581;0.9410596;0.8804683;0.9302321;0.95328516;0.97757447;1.0136915;1.000447;0.87834406;0.9664848;0.9328597;0.91440976;1.0016335;0.93274343;0.9751604
Elu_90;0.78837407;0.81867325;0.9292527;0.8135725;0.9821752;0.8722489;1.0220225;0.8032886;0.7132752;0.7822487;0.75227726;0.8478749;0.864385;0.82176757;0.8537766;0.7433349;0.9293585;0.8572579;0.9509218;0.5815921;0.4807518;0.0;0.36096394;0.49247473;0.5310424;0.68503815;0.885233;0.7702621;0.7907369;0.9907819;0.9328893;0.75503105;0.96003246;0.9865741;1.0272597;0.9832966;0.9396265;0.87003;0.9593714;1.0377356;0.9873682;0.9651712;0.9219949;0.8484261;0.95667166;1.0168371;0.9952261;0.71124667;1.2350087;1.2272835;1.2450484;1.1766815;1.0778507;0.9492888;1.0506433;0.7881519;1.3136616;1.2925906;0.9247034;1.1211154;1.1702373;1.104055;1.1561103;1.0447702;0.8616866;1.0235435;1.0162679;1.0648302;0.8481111;1.0275354;0.9860673;0.96136314;0.7804811;0.9186374;0.9992933;1.0675714;1.0943063;1.166879;1.1763855
Elu_120;0.86354434;1.0611815;1.0578791;0.8810945;0.9158578;0.82651794;0.9024481;0.8119802;0.79334;0.84386873;0.8483035;0.8615523;0.75009704;0.7685814;0.8368125;0.8784787;0.81843436;0.9169208;1.25589;0.8732382;0.6636174;0.36096394;0.0;0.20684767;0.36100614;0.60173833;0.92659587;0.72473073;0.6331867;1.1695877;1.1681447;0.96311474;0.8813395;0.8659395;0.83939046;0.89285886;0.85550976;0.88109684;0.9118993;0.9573017;0.9493952;0.94365263;0.9353926;1.0489146;1.0200114;1.1212037;1.0503887;0.85501236;1.2339282;1.1806661;1.1876354;1.1190513;1.0610037;1.0406829;1.0643408;0.84066933;1.3531215;1.3050597;1.1199512;1.4797347;1.4814218;1.3879467;1.3652501;1.1814567;0.8030235;1.0547088;1.1664222;1.2178136;1.0365928;1.1845839;1.1440762;1.0761205;0.7756724;0.9578004;1.0125167;1.2508881;1.2530364;1.4379308;1.5134654
Elu_150;1.000658;1.0731149;1.111544;0.85568845;0.9575897;0.8324063;0.9565583;0.8849164;0.85492706;0.8991931;0.92519575;0.83320427;0.73541725;0.7472494;0.8416042;0.840801;0.88608885;0.9129504;1.3120594;0.9377003;0.73742414;0.49247473;0.20684767;0.0;0.24612206;0.4277777;0.7693964;0.5597892;0.4916917;1.0281314;1.0747526;0.8805035;0.9623564;0.91649306;0.8307532;0.85131526;0.8741401;0.94431573;0.9515537;0.9163117;0.87161636;0.94634974;0.97033906;1.0803512;1.0543796;1.1442784;1.0733447;0.808054;1.1580812;1.1245892;1.1349754;1.0940496;1.0344623;1.0180986;1.0455554;0.89381576;1.2640547;1.2369506;1.1142004;1.4525248;1.4854711;1.393631;1.3541012;1.1934805;0.7787493;1.0610616;1.1059915;1.1857249;1.0903805;1.2132314;1.1973085;1.1000211;0.7710066;0.9453218;1.0080713;1.2145813;1.242065;1.4275069;1.5058241
Elu_180;1.0448385;1.0420656;1.0625788;0.8025029;0.8954967;0.723837;0.917244;0.8037716;0.8174746;0.9031939;0.8944986;0.8266285;0.73944306;0.6547122;0.7744534;0.71642816;0.88453215;0.9376006;1.2525921;0.8709961;0.72893995;0.5310424;0.36100614;0.24612206;0.0;0.3460139;0.6432722;0.5206455;0.4608168;0.84891665;0.9734752;0.8092544;1.0368967;1.0194552;0.8723013;0.8362831;0.8734784;0.9395433;0.96197677;0.91542894;0.85641176;0.90348125;0.9430575;0.9728933;1.0491484;1.1279458;1.0528649;0.74968183;1.082432;1.0805776;1.0774089;1.0528669;0.99352735;0.98628336;0.96768534;0.85958743;1.1630988;1.1872152;0.9937094;1.2956276;1.3807262;1.3019552;1.228873;1.1220372;0.7879831;1.0625877;0.972237;1.0897355;0.9509495;1.165879;1.12992;1.0549362;0.76741683;0.89081585;0.9422176;1.0960052;1.146469;1.3255478;1.3648263
Elu_210;1.1450593;1.0789096;1.0419211;0.87616235;0.9236054;0.80744606;0.89979666;0.94954735;0.86777073;0.8797943;0.9613793;0.89264864;0.84438753;0.8083747;0.8389625;0.80351985;0.9226767;0.9793864;1.2176048;0.82712245;0.77750504;0.68503815;0.60173833;0.4277777;0.3460139;0.0;0.30955756;0.2802167;0.43150443;0.4820341;0.57493603;0.4925683;1.1159006;1.1510543;0.96298903;0.80477166;0.81655097;0.90609676;0.93123;0.90205896;0.79202455;0.81494856;0.82602227;0.976598;0.9382683;0.9675648;0.9096488;0.71873796;1.0448897;1.1065747;1.0963107;1.1188189;1.0506778;0.8473014;0.97283554;0.9268679;1.123858;1.1925355;1.0030622;1.0805858;1.2378165;1.2206103;1.1040714;1.2002956;0.683082;1.0399854;0.78702563;0.9450692;1.0337409;1.2135894;1.2066821;1.1699314;0.79431623;0.9083863;0.9078772;0.9119788;0.9604448;1.1387964;1.2200706
Elu_240;1.10445;1.0427227;0.99187255;0.94133365;0.8993914;0.93666464;0.8153589;0.97759116;0.9007905;0.88779676;1.0136521;0.9616899;0.9477408;0.9066833;0.82178676;0.84422004;0.90329;0.933263;1.1541055;0.8706387;0.91167295;0.885233;0.92659587;0.7693964;0.6432722;0.30955756;0.0;0.30877465;0.65003455;0.32389408;0.43305093;0.4914447;1.1629796;1.2622645;1.0921135;0.8557747;0.8290058;0.940871;0.9736014;1.0020567;0.90184957;0.8346952;0.85735494;1.0154153;0.9508848;0.9635556;0.93052936;0.81596667;1.0338055;1.1089444;1.0916276;1.1300743;1.071487;0.81025136;0.96489596;0.94951606;1.0834405;1.1698691;0.9492497;0.8503577;1.0326177;0.98724025;0.87257326;1.1254122;0.8207402;1.0940866;0.7257228;0.8802704;0.93087643;1.2075168;1.097103;1.142665;0.8639988;0.9043866;0.9414218;0.84750205;0.83472896;1.0212605;1.0332656
Elu_270;1.142504;1.1174212;1.1618403;1.0109044;1.0509245;0.98990834;0.92153496;1.0159448;0.87739956;0.82310295;0.95152533;0.86244434;0.90304077;0.8712085;0.9058372;0.8123601;0.96744287;0.9025869;1.3184466;0.8890545;0.85024;0.7702621;0.72473073;0.5597892;0.5206455;0.2802167;0.30877465;0.0;0.49369347;0.40359843;0.5435442;0.43222386;1.1026952;1.1456199;1.0838599;0.86549467;0.8605487;0.9183994;0.96427673;0.9940538;0.90302515;0.875082;0.89773965;1.0092363;0.99811155;1.0678918;1.043273;0.7500347;1.0821912;1.1229075;1.1374915;1.1391772;1.0859312;0.8762913;1.0412894;0.9568468;1.1656384;1.2240856;1.021282;1.0879139;1.2130771;1.115852;0.9904498;1.1774843;0.86633205;1.2355313;0.86566764;0.99858654;0.96630895;1.2829651;1.1770774;1.0862858;0.77070034;0.8887516;0.94012237;0.98428625;1.034943;1.2366792;1.2501268
Elu_300;1.1160104;0.98906463;1.1504245;0.96369445;1.182118;0.8456562;1.0151454;0.9470648;0.89895874;0.84582114;1.0537541;0.91083026;0.881576;0.9049618;1.0747757;0.94037306;0.96609044;0.9741676;1.0885227;0.78943646;0.7053342;0.7907369;0.6331867;0.4916917;0.4608168;0.43150443;0.65003455;0.49369347;0.0;0.6421968;0.7390311;0.5904609;1.0498123;1.0536351;1.006583;0.88858056;0.86726743;0.9032601;0.92903894;0.9386498;0.84188634;0.84188515;0.85005546;0.89309174;0.8961211;0.9520057;0.87706375;0.75494015;1.0110325;1.0481007;1.0264403;1.0330585;1.0116881;0.92068076;0.93402785;0.95479155;1.0803818;1.0867672;1.0186157;1.1693361;1.2203425;1.281255;1.2140921;1.1149724;0.72604144;0.9139023;0.85611457;0.9381742;1.1533273;1.1024631;1.1795156;1.0838649;0.8930217;0.97377425;0.87796646;0.92632073;1.021235;1.0879362;1.2072358
Elu_330;1.0902365;0.958609;0.9622285;0.9898525;1.0418215;1.0180312;0.9332185;1.0633327;0.95671034;0.8985908;0.96023935;0.955036;0.98212034;0.9899514;0.9297322;0.9017433;0.98644936;0.9771333;0.93746865;0.7426225;0.8884555;0.9907819;1.1695877;1.0281314;0.84891665;0.4820341;0.32389408;0.40359843;0.6421968;0.0;0.23822254;0.32534343;1.1502485;1.2629975;1.2000166;0.9433605;0.87748826;0.9031541;0.89357954;0.96118253;0.8861463;0.8424505;0.81896704;0.90076125;0.82037437;0.7959864;0.8039044;0.7755021;1.0042287;1.1319675;1.1204846;1.1733401;1.1398934;0.71479344;0.97795075;0.9909568;1.032849;1.1396989;0.8866989;0.6653887;0.85774636;0.9003766;0.78933465;1.0638871;0.77511334;1.0219983;0.577538;0.7270952;0.89317805;1.1780303;1.0496897;1.111492;0.8151761;0.83764714;0.8583905;0.6748301;0.6836848;0.8217048;0.8465071
Elu_360;1.0444471;0.90500116;0.92436206;0.970394;1.0567199;0.98654944;0.98351216;1.0574442;0.93941474;0.91363907;0.9446087;0.9902998;1.0284523;1.0432951;0.9830712;0.92741144;0.993663;0.99533653;0.80992067;0.6456967;0.8233213;0.9328893;1.1681447;1.0747526;0.9734752;0.57493603;0.43305093;0.5435442;0.7390311;0.23822254;0.0;0.3142907;1.0718424;1.2138579;1.197864;1.0041437;0.9294263;0.9203702;0.89510757;1.0077645;0.9489352;0.84675735;0.80959255;0.87040734;0.7802115;0.76375353;0.7506784;0.7499236;1.0105394;1.1226168;1.1236817;1.1561806;1.1227292;0.7510115;0.9901878;0.9745628;1.0547922;1.1341648;0.91454345;0.61985594;0.76638556;0.87320197;0.7641058;1.0481546;0.7519952;0.9675812;0.5554094;0.6745423;0.9691407;1.1329306;1.061203;1.0725647;0.8501529;0.86760056;0.8732001;0.70604575;0.69420135;0.7478479;0.7745762
Elu_390;1.046548;0.8382994;0.9328225;0.9305887;1.1542337;1.0256625;1.0983362;1.0902411;0.9589968;0.79237056;0.9301374;0.83142155;0.97365886;0.9900028;1.0950879;0.90662193;1.0890898;0.95960724;0.8778338;0.5971345;0.6730176;0.75503105;0.96311474;0.8805035;0.8092544;0.4925683;0.4914447;0.43222386;0.5904609;0.32534343;0.3142907;0.0;1.1099802;1.1658657;1.2197247;1.0261561;0.9851867;0.95352393;0.92887855;0.9865136;0.91997015;0.90605676;0.88591254;0.8888509;0.8517517;0.83757806;0.85569525;0.70691085;1.0028455;1.1221125;1.124235;1.1385692;1.09741;0.7490027;1.006846;0.97579336;1.0340728;1.105056;0.81999195;0.6981058;0.7910476;0.8119851;0.77175033;0.9451897;0.81162095;1.076868;0.6303832;0.71340835;0.95499474;1.0617626;1.0241302;0.9547189;0.93123007;0.91842794;0.9071411;0.79402274;0.8839039;0.8451411;0.90483224
cdc15_10;0.87480235;1.0351743;1.1022102;1.0808222;1.0800633;1.0699159;1.0289452;1.015725;0.9629813;0.95665455;0.9567312;1.0383165;1.0306375;1.0800543;1.1141642;1.0929692;1.0029233;0.96436715;1.0107127;1.0431998;1.0401689;0.96003246;0.8813395;0.9623564;1.0368967;1.1159006;1.1629796;1.1026952;1.0498123;1.1502485;1.0718424;1.1099802;0.0;0.35330403;0.55219173;0.813308;0.7743417;0.6822243;0.6591663;0.91024375;0.951935;0.7902724;0.78397244;0.88702863;0.7791439;0.8673081;0.8478379;1.0707242;1.114513;1.0220668;1.0318953;1.0020529;1.0190612;1.1422205;1.0036417;1.002823;1.147748;1.0551908;1.1073545;1.2059321;1.0963598;1.0728021;1.0934587;1.0193468;1.0118749;0.9908568;1.1140052;1.0437587;1.1059936;0.97784144;0.99204636;0.9185709;1.0233215;1.0162475;0.99158007;1.0784457;1.0375199;1.0106831;1.0422817
cdc15_30;0.9574216;1.0610304;1.055938;1.0007541;1.091185;1.1260244;1.2317114;1.1740868;1.2248042;1.0766484;0.93775564;0.86053354;0.8657019;0.99695903;1.1416144;1.1450016;1.161062;1.0966189;1.0736719;1.1125959;1.052842;0.9865741;0.8659395;0.91649306;1.0194552;1.1510543;1.2622645;1.1456199;1.0536351;1.2629975;1.2138579;1.1658657;0.35330403;0.0;0.31016487;0.84765726;0.96934694;0.9002918;0.67054796;0.67721224;0.8020783;0.984272;1.0348934;0.87903094;0.89675003;0.91445476;0.9655969;1.0475417;1.0370271;0.97058976;0.971122;0.9143378;0.923637;1.1267426;0.9662863;0.9418839;1.075435;1.0067252;1.1319985;1.3075988;1.2153857;1.151424;1.2580012;1.0745869;1.0845649;0.96860284;1.2490586;1.1597463;1.1381779;0.93567145;0.99076015;0.96800566;1.0716201;1.0690441;1.0341058;1.1611166;1.1462287;1.0716989;1.083069
cdc15_50;1.0314277;1.0898986;1.0217782;0.88035375;0.83772117;0.88666177;0.98624814;1.072248;1.2084725;1.1898793;1.0995814;0.96886843;0.7513078;0.8641858;0.9141179;1.0439496;1.0465221;1.1727561;1.0895454;1.1383584;1.0888062;1.0272597;0.83939046;0.8307532;0.8723013;0.96298903;1.0921135;1.0838599;1.006583;1.2000166;1.197864;1.2197247;0.55219173;0.31016487;0.0;0.5571924;0.7678349;0.9359194;0.7402084;0.6442627;0.6131451;0.76532346;0.92684495;1.0332031;0.8599259;0.86841893;0.8177857;1.0504501;0.9915643;0.9623229;0.94289225;0.91784304;0.9300318;1.0666167;0.9186276;0.9599909;1.0361527;1.0095499;1.1380272;1.282161;1.2591798;1.2181746;1.2504946;1.1304051;0.97256464;0.91280013;1.1222069;1.0674663;1.1343045;0.9741566;1.061929;1.105943;1.048398;1.0278322;0.9492967;1.022323;0.98918134;1.0319221;1.0740142
cdc15_70;1.0533483;1.0222067;1.0644203;0.97851264;0.8929652;0.8293167;0.79238504;0.9532429;0.9551746;1.0247313;1.119027;1.1008686;0.92522454;0.9240402;0.8437172;0.95761377;0.8963469;1.0330379;1.071468;1.030513;1.012137;0.9832966;0.89285886;0.85131526;0.8362831;0.80477166;0.8557747;0.86549467;0.88858056;0.9433605;1.0041437;1.0261561;0.813308;0.84765726;0.5571924;0.0;0.3768614;0.6068826;0.7044476;0.7931245;0.54822224;0.47807795;0.559574;1.0331962;0.8397613;0.8439095;0.79529774;0.9924754;1.0317601;1.039934;1.0189835;1.0206828;1.0046048;0.98258317;0.9686362;0.9897022;1.1116415;1.1367252;1.0210091;1.0540901;1.133771;1.1423908;1.0538659;1.0726192;0.9844292;1.079;0.9871205;0.9687662;1.0230752;1.0242168;1.0248017;1.0402457;0.93960524;0.96543366;0.91447085;0.91827786;0.8948006;1.019275;1.0518515
cdc15_90;0.94398654;1.0066149;1.0562708;1.0519608;0.9478303;0.91987103;0.75356436;0.90480214;0.7823789;0.9189204;1.0284352;1.1683879;0.9945252;1.0178277;0.86016595;1.0083098;0.76519763;0.9445377;1.017549;0.97600853;0.9902156;0.9396265;0.85550976;0.8741401;0.8734784;0.81655097;0.8290058;0.8605487;0.86726743;0.87748826;0.9294263;0.9851867;0.7743417;0.96934694;0.7678349;0.3768614;0.0;0.2818802;0.5431322;0.9579726;0.77451164;0.32052124;0.34295046;1.0201068;0.6499258;0.8052794;0.6544868;1.0626581;1.1035922;1.1213347;1.090978;1.0827006;1.0652964;0.95145416;0.991268;0.9544435;1.223108;1.2336364;1.0445839;1.0601671;1.1369171;1.1564935;1.0741419;1.0896015;0.9376186;1.0842559;1.0011541;1.0220472;1.0065296;1.0609981;1.0336945;1.0771143;0.90636903;0.9418938;0.8897601;0.8971792;0.84559625;1.0389726;1.0665712
cdc15_110;0.87478495;0.9295714;1.0234468;1.0902535;1.0874512;1.037572;0.9216504;0.92217946;0.7198021;0.80420053;0.89408886;1.1041056;1.0615451;1.0752063;0.98768544;1.0270176;0.8115027;0.87101066;0.96987545;0.9130844;0.89869875;0.87003;0.88109684;0.94431573;0.9395433;0.90609676;0.940871;0.9183994;0.9032601;0.9031541;0.9203702;0.95352393;0.6822243;0.9002918;0.9359194;0.6068826;0.2818802;0.0;0.445625;0.913483;0.84961677;0.48153275;0.3410331;0.78583896;0.6471785;0.74388134;0.68006194;1.0333202;1.1379802;1.1459793;1.1252573;1.0922167;1.0667897;0.96477914;1.0044967;0.907978;1.2652946;1.2454662;1.0241125;1.045345;1.105028;1.1239711;1.1101011;1.0669827;0.985334;1.0626268;1.0807834;1.0932659;1.0249072;1.0017893;1.002943;1.0424331;0.92800695;0.97885275;0.9254616;0.90570647;0.8824915;0.9836997;0.99268997
cdc15_130;0.9080026;0.96308815;0.8926844;0.948784;1.0129483;1.0678344;1.0749744;1.1516807;1.0483466;1.0034899;0.8450896;0.93010664;0.8595424;1.0566047;0.9915759;1.1756974;0.98910666;1.0999326;0.95893735;0.9518204;0.93596804;0.9593714;0.9118993;0.9515537;0.96197677;0.93123;0.9736014;0.96427673;0.92903894;0.89357954;0.89510757;0.92887855;0.6591663;0.67054796;0.7402084;0.7044476;0.5431322;0.445625;0.0;0.6414499;0.7453602;0.58899474;0.48708296;0.8351748;0.48898494;0.5057145;0.5356702;1.0606263;1.1082987;1.137088;1.1145732;1.0990969;1.0836537;0.9194662;0.99548864;0.92818284;1.2232122;1.232465;1.0301249;1.0371335;1.0881182;1.1265246;1.1546305;1.1224307;0.9131335;0.9815399;1.0203543;1.0344518;1.015388;1.0176936;1.009427;1.0776978;0.9392032;0.94998956;0.9180328;0.8976171;0.8291671;0.94941336;0.9767287
cdc15_150;1.024472;0.97895885;0.8708841;0.8373389;0.87206256;0.92340153;1.0168741;1.1148274;1.1840982;1.1317656;0.97639483;0.90601873;0.74534273;0.918695;0.9285318;1.082291;1.0773456;1.2097491;1.0299832;1.0440478;0.9887472;1.0377356;0.9573017;0.9163117;0.91542894;0.90205896;1.0020567;0.9940538;0.9386498;0.96118253;1.0077645;0.9865136;0.91024375;0.67721224;0.6442627;0.7931245;0.9579726;0.913483;0.6414499;0.0;0.4952699;1.0225973;0.9018468;0.8508668;0.95847803;0.6429108;0.83351827;0.98393214;1.0059104;1.058648;1.0343918;1.0377147;1.0326957;0.90016574;0.998845;0.9731275;1.0771545;1.1308678;0.9955412;1.0320659;1.0695422;1.0989726;1.1263015;1.0932251;0.92772484;0.9695424;0.972501;0.98126173;1.0381267;0.96610796;1.0168087;1.1028873;0.98705465;0.96924543;0.91023415;0.8954373;0.8708103;0.9388591;0.96152854
cdc15_170;1.1036141;0.9783682;0.94360507;0.83804184;0.8979331;0.8434707;0.9660601;1.044621;1.1343962;1.0867816;1.0723952;0.9602772;0.794729;0.8713774;0.92997134;0.992427;1.056194;1.1469152;0.9894356;1.0000241;0.94814146;0.9873682;0.9493952;0.87161636;0.85641176;0.79202455;0.90184957;0.90302515;0.84188634;0.8861463;0.9489352;0.91997015;0.951935;0.8020783;0.6131451;0.54822224;0.77451164;0.84961677;0.7453602;0.4952699;0.0;0.6888176;0.7376635;0.83282745;0.7869482;0.6489641;0.6867189;0.91144735;0.98624283;1.0421538;1.0219516;1.029464;1.0130376;0.8937966;0.9639308;0.9876751;1.046925;1.0942928;1.0136219;0.99642766;1.0514665;1.099434;1.1137357;1.0753024;0.88098854;0.8986861;0.9007473;0.9066364;1.112501;0.98730356;1.0631042;1.1115625;0.9578153;0.9806017;0.9373626;0.8327479;0.831271;0.8981616;0.9609815
cdc15_190;1.016564;1.0034564;1.038296;0.98219746;0.93963856;0.8679828;0.8341522;0.9142471;0.89711094;0.9831774;1.0939935;1.1166531;0.96339643;0.9561013;0.92559975;0.9975327;0.8974262;1.0316867;0.9025429;0.9104744;0.94387406;0.9651712;0.94365263;0.94634974;0.90348125;0.81494856;0.8346952;0.875082;0.84188515;0.8424505;0.84675735;0.90605676;0.7902724;0.984272;0.76532346;0.47807795;0.32052124;0.48153275;0.58899474;1.0225973;0.6888176;0.0;0.31042385;0.9271075;0.41558957;0.64134824;0.44413674;0.963779;1.0654898;1.0662203;1.0409439;1.0440943;1.0584589;0.9726074;0.9423221;0.9934787;1.1196947;1.11941;0.9929829;0.9582552;1.0044136;1.0895487;1.045315;1.0721321;0.86849034;0.95513433;0.8571401;0.8971326;1.0311431;1.0052108;1.007354;0.9983335;0.93584543;0.9436812;0.8829355;0.840533;0.81851655;0.87442076;0.9524173
cdc15_210;0.91860676;0.94119555;1.0130093;1.0410639;1.010441;0.94718564;0.8531064;0.9140312;0.78964204;0.9063312;0.9911295;1.159331;0.99935;1.062545;0.9455842;1.0356195;0.83582693;0.98246217;0.8644854;0.8740626;0.90192616;0.9219949;0.9353926;0.97033906;0.9430575;0.82602227;0.85735494;0.89773965;0.85005546;0.81896704;0.80959255;0.88591254;0.78397244;1.0348934;0.92684495;0.559574;0.34295046;0.3410331;0.48708296;0.9018468;0.7376635;0.31042385;0.0;0.7842271;0.484069;0.5329789;0.45129502;0.9588039;1.1342542;1.1483082;1.1166459;1.1143378;1.1041398;0.9240489;0.9720794;0.9565565;1.2361417;1.2176124;0.983163;0.9487461;1.0346171;1.1522026;1.0904343;1.1440234;0.8110385;0.93257093;0.88902587;0.95281523;1.0565566;1.0167947;1.0682335;1.1078572;0.92169863;0.9398941;0.8601827;0.8001257;0.761641;0.8730793;0.9496943
cdc15_230;0.9747893;0.8575347;1.0068554;1.0078968;1.2196317;1.0132195;1.2042768;0.8934429;0.8765732;0.789606;0.8593992;0.92894596;1.0891584;1.0081663;1.1475735;0.85633373;1.0808752;0.8760405;0.83596575;0.7896465;0.7902271;0.8484261;1.0489146;1.0803512;0.9728933;0.976598;1.0154153;1.0092363;0.89309174;0.90076125;0.87040734;0.8888509;0.88702863;0.87903094;1.0332031;1.0331962;1.0201068;0.78583896;0.8351748;0.8508668;0.83282745;0.9271075;0.7842271;0.0;0.7566968;0.6686754;0.746963;0.7119757;1.0601009;1.0437073;1.047782;1.0027406;0.9805297;0.9787663;0.90345275;0.87612444;1.0881838;1.040707;0.91207343;0.9281777;0.9325353;1.0162702;1.1112547;1.0618724;0.9644813;0.82266563;0.9499734;0.97970927;1.0413733;0.86878747;1.0204045;1.0112659;0.9719473;0.9757782;0.953621;0.82131404;0.8987546;0.7828124;0.8108092
cdc15_250;0.8993938;0.89810765;0.87069476;0.923954;1.0190558;1.007459;1.0548947;1.066774;1.0250219;0.9998308;0.94390595;0.97920936;0.9425324;1.0820246;1.0553923;1.1210454;1.007261;1.0780891;0.7472906;0.8510248;0.8962503;0.95667166;1.0200114;1.0543796;1.0491484;0.9382683;0.9508848;0.99811155;0.8961211;0.82037437;0.7802115;0.8517517;0.7791439;0.89675003;0.8599259;0.8397613;0.6499258;0.6471785;0.48898494;0.95847803;0.7869482;0.41558957;0.484069;0.7566968;0.0;0.30268174;0.18545622;0.95355797;1.0308312;1.0538532;1.0368179;1.0594949;1.0721903;0.91742593;0.9508535;1.0243995;1.0753624;1.0519892;1.0332967;0.8788079;0.88974804;1.0131066;1.0787365;1.0755845;0.79625803;0.7484628;0.7877513;0.8137712;1.0750455;0.9610889;0.9856568;1.0389684;0.96831733;0.97015965;0.9178264;0.77502084;0.72268367;0.72510576;0.8245486
cdc15_270;0.850899;0.8114431;0.77418613;0.8659387;0.96289;0.98659104;1.0268782;1.0836008;1.0956957;1.0315204;0.9857793;0.98652124;0.9286912;1.0834185;1.0336671;1.1435131;1.0239528;1.1098113;0.6834536;0.8421227;0.92385894;1.0168371;1.1212037;1.1442784;1.1279458;0.9675648;0.9635556;1.0678918;0.9520057;0.7959864;0.76375353;0.83757806;0.8673081;0.91445476;0.86841893;0.8439095;0.8052794;0.74388134;0.5057145;0.6429108;0.6489641;0.64134824;0.5329789;0.6686754;0.30268174;0.0;0.19464731;0.9602784;1.0217962;1.0711873;1.0431285;1.0746486;1.089817;0.85946107;0.9492844;1.0260085;1.0553601;1.0577046;0.9921886;0.76824284;0.81179225;0.9646637;1.0374415;1.0531973;0.7950846;0.68919975;0.74277985;0.7657772;1.0723146;0.9046593;0.9480889;1.0722514;1.0010809;0.987601;0.91329867;0.6984226;0.6401237;0.6334857;0.72889465
cdc15_290;0.8849862;0.8407618;0.839478;0.8822749;0.9625436;0.9309058;0.985558;1.0562346;1.034345;1.0515168;1.0314715;1.0763677;0.91706014;1.0910783;1.0175537;1.1402309;0.9905546;1.138757;0.71193135;0.8379534;0.9021071;0.9952261;1.0503887;1.0733447;1.0528649;0.9096488;0.93052936;1.043273;0.87706375;0.8039044;0.7506784;0.85569525;0.8478379;0.9655969;0.8177857;0.79529774;0.6544868;0.68006194;0.5356702;0.83351827;0.6867189;0.44413674;0.45129502;0.746963;0.18545622;0.19464731;0.0;0.9605353;1.0231918;1.0800397;1.0480369;1.074034;1.0970066;0.8598211;0.93287146;1.021541;1.0750164;1.0613587;1.0349406;0.8386216;0.8756897;1.0475657;1.0918397;1.0832946;0.72215784;0.6440295;0.73080635;0.76860553;1.1221119;0.92784005;1.020737;1.1347945;0.9813265;0.989765;0.88022745;0.68788815;0.62778413;0.63662577;0.7746979
spo_0;1.0176195;0.9014061;0.9951153;0.8629702;1.0925511;0.84128106;1.1432356;0.7850949;0.8352124;0.7685541;0.79360294;0.78273684;0.89976645;0.78856665;0.9463797;0.6143336;1.0605425;0.8516197;0.8916197;0.7373716;0.6893072;0.71124667;0.85501236;0.808054;0.74968183;0.71873796;0.81596667;0.7500347;0.75494015;0.7755021;0.7499236;0.70691085;1.0707242;1.0475417;1.0504501;0.9924754;1.0626581;1.0333202;1.0606263;0.98393214;0.91144735;0.963779;0.9588039;0.7119757;0.95355797;0.9602784;0.9605353;0.0;1.0279461;1.0843499;1.1102227;1.0663513;1.0170951;0.8247449;0.9382796;0.8434706;1.0760634;1.1066686;0.8446537;0.94300205;1.0241289;1.0869343;1.0612375;1.0769908;0.8339274;0.9553913;0.8252498;0.9089552;1.0014474;1.0480429;1.089301;1.0399352;0.7539425;0.7657442;0.7899736;0.8603463;0.99125475;0.92495537;0.9576341
spo_2;1.2031367;1.0110552;0.90238047;0.8885298;0.93772453;0.9167283;1.0348465;1.0080156;1.118331;1.0941949;1.0573695;0.9138207;0.9729636;1.0311899;1.1050713;1.0343301;1.1533535;1.092421;1.0523231;1.0527335;1.1146449;1.2350087;1.2339282;1.1580812;1.082432;1.0448897;1.0338055;1.0821912;1.0110325;1.0042287;1.0105394;1.0028455;1.114513;1.0370271;0.9915643;1.0317601;1.1035922;1.1379802;1.1082987;1.0059104;0.98624283;1.0654898;1.1342542;1.0601009;1.0308312;1.0217962;1.0231918;1.0279461;0.0;0.20663118;0.32746458;0.45304424;0.5202247;0.88241637;0.9234646;1.3327342;0.17223215;0.36539584;0.98481524;0.8751434;0.75710666;0.78806424;0.83906865;0.822844;1.099266;0.9865795;0.93930054;0.86823434;1.0463957;0.85287744;0.93718004;0.8776506;1.090349;1.0061293;0.99227387;0.9723226;0.99175805;0.80173206;0.73264253
